% Model:              PROYECTO.mph
% Version:            COMSOL 5.6.0.280
% Date:               Jul 27 2026, 21:01
% Table:              Tabla 9 - Valor propio 2
% n                                               lambda                                            Energía propia (eV)                               Probabilidad total (1)
1                                                 0.061005907863832844                              0.061005907863832844                              0.9999999999999992
1                                                 0.06961567545025056                               0.06961567545025056                               1.0000000000000002
1                                                 0.0696422826939223                                0.0696422826939223                                1.0000000000000007
1                                                 0.08454119188826699                               0.084541191888267                                 1.0000000000000007
1                                                 0.0856899031015187                                0.0856899031015187                                0.9999999999999977
1.02                                              0.06167405695862622                               0.06167405695862622                               1.0000000000000016
1.02                                              0.07021503175129354                               0.07021503175129355                               0.9999999999999997
1.02                                              0.07023014040415805                               0.07023014040415806                               0.9999999999999996
1.02                                              0.08454162000809179                               0.08454162000809179                               0.9999999999999987
1.02                                              0.0856906231022206                                0.0856906231022206                                1.0000000000000004
1.04                                              0.06233215438724997                               0.062332154387249976                              0.9999999999999998
1.04                                              0.07080509753998401                               0.07080509753998401                               0.9999999999999996
1.04                                              0.07081454816816254                               0.07081454816816254                               0.9999999999999996
1.04                                              0.0845420693002696                                0.0845420693002696                                1.0000000000000007
1.04                                              0.08569138397756167                               0.08569138397756168                               0.9999999999999996
1.06                                              0.06297595447989121                               0.06297595447989121                               1.0000000000000007
1.06                                              0.07138592688361171                               0.07138592688361171                               0.9999999999999979
1.06                                              0.07138732293877863                               0.07138732293877864                               1.0000000000000013
1.06                                              0.08454253058931953                               0.08454253058931953                               1.0000000000000004
1.06                                              0.08569218513932149                               0.08569218513932149                               0.9999999999999978
1.08                                              0.06361140051393135                               0.06361140051393135                               0.9999999999999993
1.08                                              0.07195756512219165                               0.07195756512219165                               0.9999999999999989
1.08                                              0.07195870960508786                               0.07195870960508786                               1.000000000000001
1.08                                              0.08454301101272024                               0.08454301101272024                               0.9999999999999989
1.08                                              0.08569304481847485                               0.08569304481847487                               0.9999999999999994
1.1                                               0.06423430902824298                               0.06423430902824298                               0.9999999999999978
1.1                                               0.07252012155757882                               0.07252012155757882                               0.9999999999999998
1.1                                               0.07252062362507998                               0.07252062362507998                               0.9999999999999994
1.1                                               0.08454350786020728                               0.08454350786020728                               1.0000000000000009
1.1                                               0.08569396247247565                               0.08569396247247565                               0.9999999999999988
1.12                                              0.06484511932823944                               0.06484511932823944                               1.0000000000000022
1.12                                              0.0730734148441474                                0.0730734148441474                                1.0000000000000004
1.12                                              0.07307365827701043                               0.07307365827701043                               0.9999999999999993
1.12                                              0.08454402240772182                               0.08454402240772182                               1.0000000000000029
1.12                                              0.08569494105286689                               0.08569494105286689                               1.0000000000000007
1.1400000000000001                                0.06544462280401288                               0.06544462280401288                               1.0000000000000016
1.1400000000000001                                0.07361808821725176                               0.07361808821725176                               1.0000000000000047
1.1400000000000001                                0.07361824723098262                               0.07361824723098263                               1.000000000000001
1.1400000000000001                                0.08454455772048597                               0.08454455772048597                               1
1.1400000000000001                                0.08569598955120848                               0.0856959895512085                                1.0000000000000029
1.16                                              0.06603274761927411                               0.06603274761927411                               0.9999999999999997
1.16                                              0.0741539861783963                                0.07415398617839632                               0.9999999999999998
1.16                                              0.07415408851790158                               0.07415408851790159                               1
1.16                                              0.0845451112752987                                0.0845451112752987                                0.9999999999999997
1.16                                              0.08569711668057192                               0.08569711668057192                               1.0000000000000004
1.18                                              0.06660944067799719                               0.06660944067799719                               1.0000000000000022
1.18                                              0.07468093856401067                               0.07468093856401067                               0.9999999999999994
1.18                                              0.07468094968477178                               0.07468094968477178                               1.0000000000000027
1.18                                              0.08454568754199099                               0.084545687541991                                 1
1.18                                              0.08569832525372434                               0.08569832525372434                               0.9999999999999991
1.2                                               0.06717521729565518                               0.06717521729565518                               0.9999999999999989
1.2                                               0.07519920553728274                               0.07519920553728274                               1.0000000000000033
1.2                                               0.07519921656019207                               0.07519921656019209                               1.0000000000000018
1.2                                               0.08454628756135361                               0.08454628756135361                               0.9999999999999996
1.2                                               0.08569963133397174                               0.08569963133397174                               0.9999999999999982
1.22                                              0.06773046040938638                               0.06773046040938638                               1.0000000000000009
1.22                                              0.07570889111988287                               0.07570889111988287                               0.9999999999999982
1.22                                              0.07570920888437387                               0.07570920888437387                               0.9999999999999993
1.22                                              0.08454691305186657                               0.08454691305186657                               1.0000000000000022
1.22                                              0.08570104571162734                               0.08570104571162736                               0.9999999999999994
1.24                                              0.06827498599619514                               0.06827498599619514                               0.9999999999999993
1.24                                              0.07621003822842148                               0.07621003822842148                               0.9999999999999991
1.24                                              0.07621029835594731                               0.07621029835594731                               0.9999999999999969
1.24                                              0.08454756525300038                               0.08454756525300039                               1.0000000000000009
1.24                                              0.08570258060652518                               0.08570258060652518                               0.9999999999999986
1.26                                              0.0688092724225872                                0.0688092724225872                                0.9999999999999996
1.26                                              0.0767027523510917                                0.0767027523510917                                0.9999999999999981
1.26                                              0.07670300509608355                               0.07670300509608355                               0.9999999999999989
1.26                                              0.08454824658152653                               0.08454824658152653                               0.9999999999999989
1.26                                              0.08570425472083912                               0.08570425472083913                               1.0000000000000007
1.28                                              0.06933339156582449                               0.0693333915658245                                0.9999999999999986
1.28                                              0.07718711954869219                               0.07718711954869219                               1.0000000000000004
1.28                                              0.07718714214709976                               0.07718714214709976                               1.0000000000000009
1.28                                              0.08454895901932699                               0.08454895901932699                               1.0000000000000009
1.28                                              0.08570608574678378                               0.08570608574678379                               1.0000000000000007
1.3                                               0.06984780926148704                               0.06984780926148704                               1.0000000000000022
1.3                                               0.07766322116841093                               0.07766322116841093                               0.9999999999999988
1.3                                               0.0776632475676914                                0.07766324756769141                               0.9999999999999986
1.3                                               0.08454970516094737                               0.08454970516094737                               0.9999999999999991
1.3                                               0.08570809826287784                               0.08570809826287785                               0.9999999999999996
1.32                                              0.07035260689729479                               0.07035260689729479                               0.999999999999999
1.32                                              0.07813113160525378                               0.07813113160525378                               1.0000000000000004
1.32                                              0.07813117659578643                               0.07813117659578643                               0.9999999999999989
1.32                                              0.08455048759658428                               0.08455048759658428                               0.9999999999999993
1.32                                              0.08571032123886482                               0.08571032123886482                               1.0000000000000002
1.34                                              0.07084799216644756                               0.07084799216644756                               0.999999999999999
1.34                                              0.07859092143645383                               0.07859092143645383                               1.000000000000002
1.34                                              0.07859101550228584                               0.07859101550228584                               1.0000000000000022
1.34                                              0.08455130915534896                               0.08455130915534896                               1.0000000000000024
1.34                                              0.08571278793958996                               0.08571278793958996                               0.9999999999999997
1.3599999999999999                                0.07133410714459835                               0.07133410714459835                               1
1.3599999999999999                                0.07904265449209946                               0.07904265449209946                               0.9999999999999989
1.3599999999999999                                0.07904273562718278                               0.07904273562718278                               0.9999999999999994
1.3599999999999999                                0.08455217294226071                               0.08455217294226071                               0.9999999999999991
1.3599999999999999                                0.08571554076352979                               0.0857155407635298                                1.0000000000000002
1.38                                              0.07181114768052223                               0.07181114768052224                               0.9999999999999999
1.38                                              0.079486385973245                                 0.079486385973245                                 0.9999999999999992
1.38                                              0.07948640412655113                               0.07948640412655113                               1.0000000000000013
1.38                                              0.08455308245296202                               0.08455308245296202                               1.000000000000001
1.38                                              0.08571863217438161                               0.08571863217438162                               1.000000000000002
1.4                                               0.0722793796659815                                0.0722793796659815                                0.9999999999999981
1.4                                               0.07992215474037949                               0.07992215474037949                               0.9999999999999991
1.4                                               0.07992221893930493                               0.07992221893930493                               0.9999999999999993
1.4                                               0.08455404172805187                               0.08455404172805187                               0.9999999999999996
1.4                                               0.08572212867850583                               0.08572212867850583                               0.9999999999999991
1.42                                              0.07273890302329468                               0.07273890302329468                               0.9999999999999998
1.42                                              0.0803499839173581                                0.0803499839173581                                1.0000000000000009
1.42                                              0.08035005662056369                               0.08035005662056369                               1.0000000000000007
1.42                                              0.0845550549380862                                0.0845550549380862                                1.0000000000000022
1.42                                              0.08572611562152052                               0.08572611562152053                               0.9999999999999994
1.44                                              0.07318986316957651                               0.07318986316957651                               1.0000000000000009
1.44                                              0.0807698720641857                                0.08076987206418572                               0.9999999999999998
1.44                                              0.08076987347708786                               0.08076987347708786                               1.0000000000000018
1.44                                              0.0845561268226227                                0.08455612682262272                               0.9999999999999996
1.44                                              0.08573069958743001                               0.08573069958743003                               0.9999999999999991
1.46                                              0.0736325558819218                                0.0736325558819218                                1.0000000000000007
1.46                                              0.08118178569715788                               0.0811817856971579                                0.9999999999999992
1.46                                              0.08455726314220302                               0.08455726314220302                               0.9999999999999983
1.46                                              0.08573602796564932                               0.08573602796564932                               0.9999999999999992
1.46                                              0.08908896446658196                               0.08908896446658196                               1.0000000000000004
1.48                                              0.07406696548971961                               0.07406696548971962                               0.999999999999999
1.48                                              0.08158562848817                                  0.08158562848817                                  1.0000000000000009
1.48                                              0.08455846959796218                               0.08455846959796218                               1.000000000000002
1.48                                              0.08574228588949444                               0.08574228588949444                               1.0000000000000002
1.48                                              0.08909107106447396                               0.08909107106447396                               0.9999999999999996
1.5                                               0.0744933903711646                                0.0744933903711646                                0.9999999999999993
1.5                                               0.08198125894004728                               0.08198125894004729                               1.0000000000000016
1.5                                               0.08455975262351714                               0.08455975262351714                               1.0000000000000002
1.5                                               0.08574974077702736                               0.08574974077702736                               1.0000000000000009
1.5                                               0.08909129902023667                               0.08909129902023667                               1.0000000000000016
1.52                                              0.07491198690525455                               0.07491198690525455                               1.0000000000000004
1.52                                              0.08236845055619582                               0.08236845055619582                               0.9999999999999993
1.52                                              0.08456112103813122                               0.08456112103813122                               0.9999999999999987
1.52                                              0.08575875945505518                               0.08575875945505518                               0.9999999999999999
1.52                                              0.08908861517478744                               0.08908861517478744                               1.0000000000000013
1.54                                              0.07532273799235943                               0.07532273799235945                               0.9999999999999998
1.54                                              0.08274664357887077                               0.08274664357887077                               1.0000000000000004
1.54                                              0.08456258205469765                               0.08456258205469765                               0.9999999999999998
1.54                                              0.08576986886734171                               0.08576986886734171                               0.9999999999999994
1.54                                              0.08908875848097259                               0.0890887584809726                                1.0000000000000004
1.56                                              0.07572595789453394                               0.07572595789453396                               0.9999999999999974
1.56                                              0.08311532555419313                               0.08311532555419313                               1.0000000000000042
1.56                                              0.08456414768356911                               0.08456414768356911                               1.000000000000001
1.56                                              0.08578385320552115                               0.08578385320552115                               0.9999999999999976
1.56                                              0.08909179113681945                               0.08909179113681946                               1.0000000000000007
1.58                                              0.07612177634077973                               0.07612177634077973                               0.999999999999998
1.58                                              0.08347331803638935                               0.08347331803638935                               0.9999999999999971
1.58                                              0.08347339493001105                               0.08347339493001105                               1.0000000000000007
1.58                                              0.0845658265999246                                0.0845658265999246                                1
1.58                                              0.08580191181369243                               0.08580191181369243                               1.0000000000000002
1.6                                               0.07651003763007905                               0.07651003763007905                               0.9999999999999994
1.6                                               0.08381858968310885                               0.08381858968310885                               0.9999999999999998
1.6                                               0.08381884342536866                               0.08381884342536866                               1
1.6                                               0.08456763313853251                               0.08456763313853251                               0.9999999999999992
1.6                                               0.0858259264661768                                0.08582592646617682                               0.9999999999999994
1.62                                              0.07689168777925282                               0.07689168777925282                               0.9999999999999999
1.62                                              0.08414929421163567                               0.08414929421163567                               0.9999999999999994
1.62                                              0.08456958611149615                               0.08456958611149615                               1.0000000000000004
1.62                                              0.08585907298597566                               0.08585907298597566                               1.0000000000000002
1.62                                              0.08909227203907254                               0.08909227203907254                               0.9999999999999994
1.6400000000000001                                0.07726583872813639                               0.07726583872813639                               0.9999999999999991
1.6400000000000001                                0.08445838171024782                               0.08445838171024782                               1.0000000000000024
1.6400000000000001                                0.0845716986849758                                0.0845716986849758                                1.0000000000000022
1.6400000000000001                                0.085906476608927                                 0.08590647660892702                               0.999999999999998
1.6400000000000001                                0.08909139294825329                               0.08909139294825329                               0.9999999999999988
1.6600000000000001                                0.07763312384638889                               0.07763312384638889                               0.9999999999999982
1.6600000000000001                                0.08457398961598446                               0.08457398961598447                               1.0000000000000004
1.6600000000000001                                0.08473900928910849                               0.08473900928910849                               1
1.6600000000000001                                0.08597669187478468                               0.08597669187478468                               0.999999999999999
1.6600000000000001                                0.08909008706894482                               0.08909008706894482                               0.9999999999999991
1.6800000000000002                                0.07799318669004154                               0.07799318669004154                               0.9999999999999999
1.6800000000000002                                0.08457648432420399                               0.08457648432420399                               0.9999999999999997
1.6800000000000002                                0.08497864947483046                               0.08497864947483046                               1.0000000000000018
1.6800000000000002                                0.08497871715480904                               0.08497871715480904                               0.9999999999999991
1.6800000000000002                                0.0860813479922472                                0.08608134799224722                               0.9999999999999999
1.7000000000000002                                0.07834706716546536                               0.07834706716546536                               1.0000000000000029
1.7000000000000002                                0.0845792174935816                                0.0845792174935816                                0.9999999999999998
1.7000000000000002                                0.08516637807420507                               0.08516637807420509                               1
1.7000000000000002                                0.08623244867429564                               0.08623244867429564                               0.9999999999999991
1.7000000000000002                                0.08909245272374863                               0.08909245272374863                               1.0000000000000016
1.72                                              0.07869384792041104                               0.07869384792041104                               1.0000000000000029
1.72                                              0.08458221486618676                               0.08458221486618676                               1
1.72                                              0.08529951482989004                               0.08529951482989004                               0.9999999999999996
1.72                                              0.0864318620242305                                0.08643186202423052                               1.0000000000000013
1.72                                              0.08909153090793705                               0.08909153090793705                               1.0000000000000004
1.74                                              0.07903430267234557                               0.07903430267234557                               0.9999999999999977
1.74                                              0.08458552307878427                               0.08458552307878427                               0.9999999999999992
1.74                                              0.08538869000853401                               0.08538869000853401                               1.0000000000000029
1.74                                              0.08666963226612912                               0.08666963226612912                               1.0000000000000004
1.74                                              0.08909232406491344                               0.08909232406491345                               1.0000000000000027
1.76                                              0.07936828612942796                               0.07936828612942798                               1.0000000000000007
1.76                                              0.08458918986745902                               0.08458918986745902                               0.9999999999999992
1.76                                              0.08544794048819547                               0.08544794048819547                               0.9999999999999999
1.76                                              0.08544794870159643                               0.08544794870159644                               0.9999999999999989
1.76                                              0.0869316474525049                                0.08693164745250491                               1
1.78                                              0.07969584519629269                               0.07969584519629269                               1.0000000000000042
1.78                                              0.08459327564839146                               0.08459327564839146                               1.000000000000002
1.78                                              0.08548838430670136                               0.08548838430670136                               0.9999999999999999
1.78                                              0.08720688100086359                               0.08720688100086359                               0.9999999999999979
1.78                                              0.08909312930753191                               0.08909312930753192                               1.0000000000000007
1.8                                               0.08001702162153229                               0.0800170216215323                                1.0000000000000007
1.8                                               0.08459785500383915                               0.08459785500383915                               1.0000000000000002
1.8                                               0.08551706772775286                               0.08551706772775286                               0.9999999999999987
1.8                                               0.08748837458077459                               0.0874883745807746                                1
1.8                                               0.08909208675405571                               0.08909208675405571                               0.9999999999999997
1.82                                              0.08033196977151036                               0.08033196977151036                               1.000000000000003
1.82                                              0.08460302323485402                               0.08460302323485402                               0.9999999999999998
1.82                                              0.08553820737426683                               0.08553820737426683                               1.0000000000000004
1.82                                              0.08777205680792784                               0.08777205680792784                               0.9999999999999969
1.82                                              0.08909248125654086                               0.08909248125654086                               1
1.8399999999999999                                0.08064040018699178                               0.08064040018699178                               1
1.8399999999999999                                0.08460889281038583                               0.08460889281038583                               1.000000000000001
1.8399999999999999                                0.08555428712924977                               0.08555428712924977                               1.0000000000000004
1.8399999999999999                                0.08805540716871033                               0.08805540716871034                               0.9999999999999981
1.8399999999999999                                0.08909299333115889                               0.08909299333115889                               1.0000000000000004
1.8599999999999999                                0.08094243149954773                               0.08094243149954773                               1.0000000000000013
1.8599999999999999                                0.08461561570892114                               0.08461561570892114                               1.0000000000000018
1.8599999999999999                                0.08556688114139607                               0.08556688114139607                               1
1.8599999999999999                                0.0883372023648033                                0.0883372023648033                                1.0000000000000004
1.8599999999999999                                0.08909343781063062                               0.08909343781063062                               1.0000000000000004
1.88                                              0.08123798066691251                               0.08123798066691251                               0.9999999999999984
1.88                                              0.08462338589844771                               0.08462338589844771                               1.0000000000000002
1.88                                              0.08557698519898463                               0.08557698519898464                               0.9999999999999999
1.88                                              0.08861618502358805                               0.08861618502358805                               1.0000000000000004
1.88                                              0.08909347476420358                               0.0890934747642036                                1.0000000000000009
1.9                                               0.08152690132943533                               0.08152690132943533                               0.9999999999999997
1.9                                               0.08463245602407922                               0.08463245602407922                               0.9999999999999993
1.9                                               0.08558525967311574                               0.08558525967311574                               1
1.9                                               0.08889188277878728                               0.08889188277878728                               1.0000000000000036
1.9                                               0.08909359474835926                               0.08909359474835926                               1.0000000000000004
1.92                                              0.08180895533197834                               0.08180895533197834                               1.0000000000000004
1.92                                              0.08464316587326284                               0.08464316587326286                               1.0000000000000007
1.92                                              0.08559214368656122                               0.08559214368656122                               1.000000000000001
1.92                                              0.08909372546981895                               0.08909372546981895                               0.9999999999999987
1.92                                              0.08916413044664562                               0.08916413044664563                               1.0000000000000036
1.94                                              0.0820837938152714                                0.0820837938152714                                0.9999999999999984
1.94                                              0.08465597419398331                               0.08465597419398331                               1.0000000000000009
1.94                                              0.08559795911428954                               0.08559795911428954                               1.0000000000000018
1.94                                              0.08909365830029913                               0.08909365830029913                               1.0000000000000004
1.94                                              0.08943258761478055                               0.08943258761478057                               1.0000000000000009
1.96                                              0.08235087782136527                               0.08235087782136527                               1.0000000000000013
1.96                                              0.08467151317003008                               0.08467151317003008                               1.0000000000000004
1.96                                              0.08560293335788387                               0.08560293335788387                               0.9999999999999997
1.96                                              0.08909367967160056                               0.08909367967160058                               0.9999999999999971
1.96                                              0.08969711977088637                               0.08969711977088637                               0.9999999999999987
1.98                                              0.08260942350452972                               0.08260942350452972                               0.9999999999999991
1.98                                              0.08469066886843842                               0.08469066886843842                               1.0000000000000004
1.98                                              0.08560723333100509                               0.08560723333100509                               1.0000000000000004
1.98                                              0.08909389277230866                               0.08909389277230867                               0.9999999999999991
1.98                                              0.08995763521988007                               0.08995763521988008                               0.9999999999999989
2                                                 0.08285826553815286                               0.08285826553815286                               1.0000000000000027
2                                                 0.08471469828608173                               0.08471469828608173                               1.000000000000002
2                                                 0.0856109861951308                                0.0856109861951308                                0.9999999999999999
2                                                 0.0890939896691278                                0.0890939896691278                                0.9999999999999992
2                                                 0.09021409255244506                               0.09021409255244507                               1.0000000000000038
2.02                                              0.08309572253514133                               0.08309572253514133                               1.0000000000000009
2.02                                              0.08474540036230274                               0.08474540036230274                               1.0000000000000004
2.02                                              0.0856142896649092                                0.0856142896649092                                0.9999999999999977
2.02                                              0.08909407235229844                               0.08909407235229844                               1.0000000000000007
2.02                                              0.09046650443484479                               0.09046650443484479                               0.9999999999999994
2.04                                              0.08331931104822637                               0.08331931104822637                               1.0000000000000004
2.04                                              0.08478531709230938                               0.08478531709230938                               0.9999999999999987
2.04                                              0.08561721858510815                               0.08561721858510817                               1
2.04                                              0.08909423343292525                               0.08909423343292525                               0.9999999999999999
2.04                                              0.09071483525434947                               0.09071483525434948                               1.0000000000000024
2.06                                              0.08352566887860903                               0.08352566887860903                               1.0000000000000009
2.06                                              0.08483793025299553                               0.08483793025299555                               1.0000000000000007
2.06                                              0.08561983322088117                               0.08561983322088117                               1.0000000000000009
2.06                                              0.08909434697173846                               0.08909434697173846                               0.9999999999999993
2.06                                              0.09095912027900496                               0.09095912027900496                               0.9999999999999998
2.08                                              0.08371053102508642                               0.08371053102508642                               0.9999999999999998
2.08                                              0.08490757070814765                               0.08490757070814767                               0.9999999999999986
2.08                                              0.08562218006201236                               0.08562218006201236                               0.9999999999999996
2.08                                              0.08909453040082596                               0.08909453040082596                               1.0000000000000029
2.08                                              0.09119938821447887                               0.09119938821447887                               0.9999999999999966
2.1                                               0.08386955123184718                               0.08386955123184718                               1.0000000000000004
2.1                                               0.08499868228103415                               0.08499868228103416                               0.9999999999999994
2.1                                               0.0856242990990952                                0.0856242990990952                                1
2.1                                               0.08909427360709082                               0.08909427360709082                               1.0000000000000009
2.1                                               0.09143571060015723                               0.09143571060015725                               0.9999999999999993
2.12                                              0.08399990936126922                               0.08399990936126922                               0.9999999999999996
2.12                                              0.08511417143380623                               0.08511417143380623                               0.9999999999999998
2.12                                              0.08562622146864611                               0.08562622146864611                               1.0000000000000004
2.12                                              0.08562622228499124                               0.08562622228499124                               0.9999999999999997
2.12                                              0.08909432271931925                               0.08909432271931925                               0.999999999999999
2.14                                              0.08410197943324618                               0.08410197943324618                               0.9999999999999983
2.14                                              0.08525374414307695                               0.08525374414307695                               0.9999999999999993
2.14                                              0.08562797258500823                               0.08562797258500825                               1.0000000000000018
2.14                                              0.08909476692020829                               0.08909476692020829                               0.9999999999999997
2.14                                              0.09189660380891905                               0.09189660380891905                               0.9999999999999971
2.16                                              0.08417939626850204                               0.08417939626850204                               1.0000000000000004
2.16                                              0.0854138522004705                                0.0854138522004705                                1.0000000000000016
2.16                                              0.08562957433950386                               0.08562957433950386                               0.9999999999999988
2.16                                              0.08909466813459277                               0.08909466813459277                               1.0000000000000024
2.16                                              0.09212129315177574                               0.09212129315177574                               0.9999999999999989
2.1799999999999997                                0.08423738753497735                               0.08423738753497735                               0.9999999999999998
2.1799999999999997                                0.08558934461206574                               0.08558934461206574                               1.0000000000000009
2.1799999999999997                                0.08563104520685272                               0.08563104520685272                               0.9999999999999986
2.1799999999999997                                0.08909515904590662                               0.08909515904590662                               0.9999999999999994
2.1799999999999997                                0.09234221495988332                               0.09234221495988332                               1.0000000000000013
2.2                                               0.08428100290771595                               0.08428100290771595                               1.0000000000000004
2.2                                               0.0856324007352103                                0.0856324007352103                                1
2.2                                               0.08577525266962117                               0.08577525266962117                               0.9999999999999989
2.2                                               0.08909450839315466                               0.08909450839315466                               1
2.2                                               0.0890952821947811                                0.0890952821947811                                1.0000000000000038
2.2199999999999998                                0.08431426748684019                               0.0843142674868402                                1
2.2199999999999998                                0.08563365297168951                               0.08563365297168951                               0.9999999999999993
2.2199999999999998                                0.0856336532721343                                0.0856336532721343                                1.0000000000000002
2.2199999999999998                                0.08596762826724962                               0.08596762826724963                               0.9999999999999989
2.2199999999999998                                0.08909455475224003                               0.08909455475224003                               0.9999999999999996
2.24                                              0.08434010611767838                               0.08434010611767839                               1.0000000000000024
2.24                                              0.0856348138517321                                0.08563481385173212                               1.0000000000000027
2.24                                              0.08616361854408912                               0.08616361854408913                               0.9999999999999988
2.24                                              0.08909545606416303                               0.08909545606416304                               1
2.24                                              0.0929829438436348                                0.09298294384363481                               0.9999999999999977
2.26                                              0.08436056574298187                               0.08436056574298188                               0.9999999999999991
2.26                                              0.08563589277992144                               0.08563589277992144                               1.0000000000000009
2.26                                              0.08563589334558401                               0.08563589334558401                               1.0000000000000018
2.26                                              0.08636125706333037                               0.08636125706333037                               0.9999999999999986
2.26                                              0.08909463789132602                               0.08909463789132602                               1
2.2800000000000002                                0.08437706547562106                               0.08437706547562106                               1.000000000000001
2.2800000000000002                                0.08563689821640433                               0.08563689821640434                               0.9999999999999991
2.2800000000000002                                0.08563689892230161                               0.08563689892230161                               0.9999999999999997
2.2800000000000002                                0.08655919492505758                               0.08655919492505758                               0.9999999999999998
2.2800000000000002                                0.08909467760684883                               0.08909467760684883                               1.0000000000000004
2.3                                               0.08439059661740375                               0.08439059661740375                               0.9999999999999992
2.3                                               0.0856378371983382                                0.08563783719833822                               1.0000000000000018
2.3                                               0.08675651204592957                               0.08675651204592959                               0.9999999999999999
2.3                                               0.08909474477556587                               0.08909474477556588                               0.9999999999999978
2.3                                               0.09359184985214375                               0.09359184985214375                               1.0000000000000004
2.3200000000000003                                0.08440186107577488                               0.0844018610757749                                0.9999999999999999
2.3200000000000003                                0.08563871633725266                               0.08563871633725267                               1.0000000000000007
2.3200000000000003                                0.08695257375525714                               0.08695257375525715                               0.9999999999999988
2.3200000000000003                                0.08909475355308077                               0.08909475355308079                               1.0000000000000009
2.3200000000000003                                0.09378801286179718                               0.0937880128617972                                0.9999999999999992
2.34                                              0.0844113633927099                                0.0844113633927099                                1.0000000000000016
2.34                                              0.08563954055829216                               0.08563954055829218                               0.9999999999999998
2.34                                              0.08563954118810897                               0.08563954118810897                               0.9999999999999999
2.34                                              0.08714691792903877                               0.08714691792903877                               0.9999999999999997
2.34                                              0.089094789889556                                 0.08909478988955602                               0.999999999999999
2.3600000000000003                                0.08441947676398738                               0.08441947676398738                               0.9999999999999997
2.3600000000000003                                0.0856403154191741                                0.0856403154191741                                1
2.3600000000000003                                0.08733929536974372                               0.08733929536974372                               1.0000000000000007
2.3600000000000003                                0.08909604983339565                               0.08909604983339565                               0.9999999999999993
2.3600000000000003                                0.09417038727951672                               0.09417038727951672                               1.000000000000002
2.38                                              0.08442647603465978                               0.08442647603465978                               1.0000000000000009
2.38                                              0.08564104468368341                               0.08564104468368343                               0.9999999999999993
2.38                                              0.08564104523672567                               0.08564104523672567                               0.9999999999999981
2.38                                              0.0875294665581669                                0.08752946655816692                               0.999999999999998
2.38                                              0.08909485939985312                               0.08909485939985312                               1.0000000000000004
2.4000000000000004                                0.08443257067215619                               0.08443257067215619                               0.9999999999999998
2.4000000000000004                                0.08564173263556037                               0.08564173263556037                               1.0000000000000007
2.4000000000000004                                0.08564173320034364                               0.08564173320034366                               1.0000000000000002
2.4000000000000004                                0.0877172874427755                                0.0877172874427755                                0.9999999999999978
2.4000000000000004                                0.08909489270169615                               0.08909489270169617                               0.9999999999999996
2.42                                              0.08443792181133473                               0.08443792181133473                               0.9999999999999999
2.42                                              0.08564238204335678                               0.0856423820433568                                1.0000000000000016
2.42                                              0.08564238251820414                               0.08564238251820415                               1
2.42                                              0.08790266022982199                               0.087902660229822                                 0.999999999999998
2.42                                              0.08909492507415959                               0.08909492507415959                               1.0000000000000002
2.44                                              0.08444265512026655                               0.08444265512026655                               0.9999999999999999
2.44                                              0.08564299665646416                               0.08564299665646417                               0.999999999999999
2.44                                              0.08564299812736345                               0.08564299812736346                               1.0000000000000002
2.44                                              0.08808551940380005                               0.08808551940380005                               0.9999999999999977
2.44                                              0.08909495653898956                               0.08909495653898956                               0.9999999999999997
2.46                                              0.084446869991122                                 0.084446869991122                                 0.9999999999999991
2.46                                              0.08564357922007573                               0.08564357922007573                               1.0000000000000007
2.46                                              0.0856435793799309                                0.08564357937993092                               0.9999999999999997
2.46                                              0.08826582761491791                               0.08826582761491793                               0.9999999999999998
2.46                                              0.08909498714031747                               0.08909498714031747                               0.9999999999999983
2.48                                              0.08445064582768542                               0.08445064582768544                               1.0000000000000029
2.48                                              0.08564413144515548                               0.0856441314451555                                0.9999999999999997
2.48                                              0.08564413315169585                               0.08564413315169585                               1.000000000000001
2.48                                              0.08844356310694357                               0.08844356310694358                               0.9999999999999998
2.48                                              0.08909501690678187                               0.08909501690678187                               0.9999999999999997
2.5                                               0.08445404684921942                               0.08445404684921942                               1.0000000000000013
2.5                                               0.08564465653300013                               0.08564465653300013                               0.9999999999999993
2.5                                               0.08564465664362532                               0.08564465664362533                               1.0000000000000004
2.5                                               0.08861871964580367                               0.08861871964580367                               0.9999999999999991
2.5                                               0.08909504585892128                               0.08909504585892128                               0.9999999999999964
2.52                                              0.08445712548400959                               0.08445712548400959                               0.9999999999999993
2.52                                              0.08564515538312414                               0.08564515538312416                               0.9999999999999967
2.52                                              0.08564515583180866                               0.08564515583180866                               0.9999999999999978
2.52                                              0.0887913018419085                                0.08879130184190852                               1.0000000000000004
2.52                                              0.0890950740348612                                0.08909507403486121                               0.9999999999999996
2.54                                              0.08445992490072468                               0.08445992490072468                               1.0000000000000009
2.54                                              0.08564563084924828                               0.08564563084924828                               0.9999999999999989
2.54                                              0.08896132259069044                               0.08896132259069045                               0.9999999999999998
2.54                                              0.08909667310973866                               0.08909667310973868                               0.9999999999999996
2.54                                              0.09481101742408268                               0.0948110174240827                                0.9999999999999984
2.56                                              0.08446248101212636                               0.08446248101212636                               1.0000000000000007
2.56                                              0.08564608378607894                               0.08564608378607895                               0.9999999999999988
2.56                                              0.08909514621312815                               0.08909514621312817                               0.9999999999999991
2.56                                              0.08912879711032691                               0.08912879711032692                               1.0000000000000004
2.56                                              0.0948110622674127                                0.09481106226741272                               1.0000000000000002
2.58                                              0.08446482384310573                               0.08446482384310575                               1.0000000000000016
2.58                                              0.08564651618320811                               0.08564651618320811                               1.0000000000000022
2.58                                              0.08564651852188312                               0.08564651852188312                               1.0000000000000002
2.58                                              0.08909515415957991                               0.08909515415957991                               1.0000000000000024
2.58                                              0.08909685350194159                               0.0890968535019416                                1.0000000000000009
2.6                                               0.08446697871745253                               0.08446697871745253                               1.0000000000000002
2.6                                               0.08564692925765117                               0.08564692925765117                               0.9999999999999982
2.6                                               0.08564693144503069                               0.08564693144503069                               1.0000000000000029
2.6                                               0.08909517946737225                               0.08909517946737225                               0.9999999999999987
2.6                                               0.08909691494183906                               0.08909691494183908                               0.9999999999999992
2.62                                              0.08446896713563035                               0.08446896713563036                               1.000000000000002
2.62                                              0.08564732449666113                               0.08564732449666114                               1.0000000000000004
2.62                                              0.08564732519996693                               0.08564732519996694                               1.0000000000000013
2.62                                              0.0890952041494781                                0.0890952041494781                                1.0000000000000002
2.62                                              0.08909697548758727                               0.08909697548758728                               1.0000000000000004
2.64                                              0.0844708074878488                                0.08447080748784881                               1
2.64                                              0.08564770239543354                               0.08564770239543354                               1.0000000000000029
2.64                                              0.08564770276234351                               0.08564770276234353                               1
2.64                                              0.0890952281531133                                0.08909522815311331                               1.000000000000001
2.64                                              0.08909703455135476                               0.08909703455135477                               1.0000000000000004
2.66                                              0.08447251570153849                               0.08447251570153849                               0.9999999999999996
2.66                                              0.08564806453734854                               0.08564806453734855                               1.0000000000000004
2.66                                              0.08564806624723521                               0.08564806624723523                               1
2.66                                              0.08909525157573295                               0.08909525157573295                               0.9999999999999991
2.66                                              0.08909709220034213                               0.08909709220034213                               1.0000000000000007
2.6799999999999997                                0.0844741050614064                                0.08447410506140642                               0.9999999999999987
2.6799999999999997                                0.08564841175147081                               0.08564841175147081                               0.999999999999997
2.6799999999999997                                0.08564841279281954                               0.08564841279281954                               0.9999999999999987
2.6799999999999997                                0.08909527440428765                               0.08909527440428766                               0.9999999999999992
2.6799999999999997                                0.08909714847266409                               0.08909714847266409                               1
2.7                                               0.08447558758108838                               0.08447558758108838                               0.9999999999999983
2.7                                               0.08564874505438633                               0.08564874505438633                               0.999999999999999
2.7                                               0.08564874587008467                               0.08564874587008467                               0.9999999999999988
2.7                                               0.0890952966349978                                0.08909529663499781                               0.9999999999999999
2.7                                               0.08909720342026099                               0.089097203420261                                 0.9999999999999986
2.7199999999999998                                0.0844769735681998                                0.08447697356819982                               1.0000000000000004
2.7199999999999998                                0.08564906534627909                               0.08564906534627909                               0.9999999999999999
2.7199999999999998                                0.0856490655392897                                0.0856490655392897                                0.9999999999999997
2.7199999999999998                                0.0890953183249211                                0.08909531832492111                               1.0000000000000004
2.7199999999999998                                0.08909725709158337                               0.08909725709158337                               1.000000000000001
2.74                                              0.08447827207594467                               0.08447827207594467                               0.9999999999999994
2.74                                              0.08564937259721077                               0.08564937259721078                               1.000000000000001
2.74                                              0.08564937320199226                               0.08564937320199226                               1.000000000000001
2.74                                              0.08909533947386368                               0.0890953394738637                                0.9999999999999996
2.74                                              0.08909730952366222                               0.08909730952366222                               0.9999999999999991
2.76                                              0.08447949102934572                               0.08447949102934574                               1
2.76                                              0.08564966833690885                               0.08564966833690885                               0.999999999999999
2.76                                              0.0856496689287043                                0.08564966892870432                               1.0000000000000002
2.76                                              0.089095360103564                                 0.089095360103564                                 1
2.76                                              0.08909736076289054                               0.08909736076289056                               0.9999999999999993
2.7800000000000002                                0.08448063747252503                               0.08448063747252503                               1.0000000000000004
2.7800000000000002                                0.08564995313012697                               0.08564995313012697                               1.0000000000000007
2.7800000000000002                                0.08564995399302368                               0.08564995399302369                               1.0000000000000022
2.7800000000000002                                0.0890953802297182                                0.0890953802297182                                0.9999999999999973
2.7800000000000002                                0.08909741094683044                               0.08909741094683045                               1.0000000000000007
2.8                                               0.08448171760301268                               0.08448171760301268                               0.9999999999999989
2.8                                               0.08565022720318949                               0.08565022720318949                               0.9999999999999992
2.8                                               0.08565022774912809                               0.0856502277491281                                1
2.8                                               0.08909539986315457                               0.08909539986315457                               0.9999999999999993
2.8                                               0.08909745981096628                               0.08909745981096628                               1.0000000000000004
2.8200000000000003                                0.0844827369656916                                0.0844827369656916                                1.0000000000000004
2.8200000000000003                                0.08565049156880924                               0.08565049156880926                               1.0000000000000002
2.8200000000000003                                0.085650491940302                                 0.08565049194030201                               1
2.8200000000000003                                0.0890954190272964                                0.08909541902729641                               1.0000000000000007
2.8200000000000003                                0.08909750769542636                               0.08909750769542636                               0.9999999999999993
2.84                                              0.08448370049104878                               0.08448370049104878                               0.9999999999999999
2.84                                              0.08565074651749495                               0.08565074651749495                               0.9999999999999993
2.84                                              0.0856507467396084                                0.08565074673960842                               0.9999999999999992
2.84                                              0.08909543772359207                               0.08909543772359207                               0.9999999999999999
2.84                                              0.08909755453299663                               0.08909755453299663                               1.0000000000000016
2.8600000000000003                                0.08448461259629632                               0.08448461259629632                               1.0000000000000007
2.8600000000000003                                0.08565099244601007                               0.08565099244601007                               1.0000000000000004
2.8600000000000003                                0.08565099348352077                               0.08565099348352079                               1.0000000000000004
2.8600000000000003                                0.08909545597977439                               0.08909545597977439                               0.999999999999999
2.8600000000000003                                0.08909760036099941                               0.08909760036099941                               0.999999999999999
2.88                                              0.08448547724814291                               0.08448547724814291                               1.0000000000000002
2.88                                              0.08565122978083572                               0.08565122978083572                               1.000000000000001
2.88                                              0.08565123002254513                               0.08565123002254513                               0.9999999999999996
2.88                                              0.08909547380195175                               0.08909547380195176                               0.9999999999999991
2.88                                              0.08909764519922908                               0.08909764519922908                               1.0000000000000007
2.9000000000000004                                0.08448629801845554                               0.08448629801845554                               1.0000000000000013
2.9000000000000004                                0.08565145915794764                               0.08565145915794764                               1
2.9000000000000004                                0.08565146152882372                               0.08565146152882372                               0.9999999999999988
2.9000000000000004                                0.08909549120657659                               0.0890954912065766                                1
2.9000000000000004                                0.0890976890923879                                0.0890976890923879                                1.0000000000000018
2.92                                              0.08448707812791098                               0.084487078127911                                 0.9999999999999988
2.92                                              0.08565168085703657                               0.08565168085703657                               1.000000000000001
2.92                                              0.08565168164213657                               0.08565168164213657                               0.9999999999999986
2.92                                              0.08909550820531868                               0.08909550820531868                               0.9999999999999988
2.92                                              0.08909773206114865                               0.08909773206114865                               1.0000000000000009
2.94                                              0.08448782048690588                               0.08448782048690588                               1.0000000000000009
2.94                                              0.08565189507999968                               0.0856518950799997                                0.9999999999999994
2.94                                              0.08565189543256214                               0.08565189543256216                               0.9999999999999981
2.94                                              0.08909552480442935                               0.08909552480442935                               0.9999999999999989
2.94                                              0.08909777413452381                               0.08909777413452383                               0.999999999999998
2.96                                              0.08448852774485804                               0.08448852774485804                               1
2.96                                              0.08565210245964187                               0.08565210245964187                               1.0000000000000027
2.96                                              0.08565210284016773                               0.08565210284016775                               0.9999999999999978
2.96                                              0.08909554104828703                               0.08909554104828703                               1.000000000000001
2.96                                              0.08909781539280871                               0.08909781539280871                               0.9999999999999999
2.98                                              0.08448920229229773                               0.08448920229229773                               0.999999999999999
2.98                                              0.0856523033040972                                0.0856523033040972                                0.9999999999999987
2.98                                              0.08565230363655511                               0.08565230363655513                               1.000000000000001
2.98                                              0.08909555686963073                               0.08909555686963073                               1.0000000000000004
2.98                                              0.08909785570965364                               0.08909785570965366                               1.0000000000000004
3                                                 0.08448984632078321                               0.08448984632078321                               0.9999999999999993
3                                                 0.0856524976843512                                0.0856524976843512                                0.9999999999999991
3                                                 0.08565249809170987                               0.08565249809170987                               0.9999999999999989
3                                                 0.08909557235365394                               0.08909557235365395                               0.9999999999999982
3                                                 0.08909789525894418                               0.0890978952589442                                0.9999999999999997
